linear: [2, 5, 3, -2.5578897735083466, 2.4529265371118254, 0.0, 3.0215695012630084, -0.12557932265088811, 0.3626916889712726, 50.0, <built-in function asinh>]
 [40, 2, 1, 3, -3.9723440943700545, 5.01036664422292, 3.3477672442190167, 0.35554821946811116, 0.9959869753109267, -0.14335746824556783, 32.72446913826033, ann_help.tanh]


tanh: [2, 1, 4, -10.0, 1e-05, 0.0, 2.192189860816998, -0.9724718173310993, 1.0, 47.86244519462079, <built-in function tanh>]
[2, 1, 3, -10.0, 1e-05, 4.0, 1.575115604271448, 0.2228039227270222, -1.0, 12.960863387753436, <built-in function tanh>]
[2, 1, 3, -7.176582343826539, 3.0666915574121836, 0.0, 2.2625112213772844, -0.26381961890844063, 1.0, 50.0, <built-in function atan>]
[2, 4, -2.9102903755868095, 2.591572970671814, 0.0, 2.3532717463448973, -0.3544782599068599, 0.6724085215422462, 26.655908518788593, <function softsign at 0x7f8dada95280>]

cubic
[2, 6, 3, -8.176564450243413, 10.0, 0.0, 2.9190572597803497, 0.218339372764492, 0.03905840674668348, 24.692516067502623, ann_help.asinh]

complex
[2, 2, 6, -3.8832429152909516, 10.0, 0.03532543823791059, 2.787405191361394, 0.5539970848115374, -1.0, 24.58220385765421, <built-in function atan>]
[2, 6, 3, -1.0, 0.0, 8.0, 6.7657780676469725, -2.0, 1.8328127787931408, 15.168369818322574, <built-in function asinh>]

xor
[2, 1, 4, -10.0, 10.0, 0.0, 2.732819675036093, -1.0, 0.2444690264010918, 14.7374856746678, <function sigmoid at 0x7fdb83ea4160>]

sine
[2.0, 2, 5, -1.0, 0.0, 8.0, 3.302816887455289, 2.0, -1.214638225596609, 38.52018177792397, <function softsign at 0x10c60d950>]
